0.31043175066006135
0.3749291882281329
0.3362239204887389
0.3350243342734157
0.3350243342734157
0.3497799290559667
0.3029018333170283
0.30843755557440744
0.300830745316654
0.3632459770659018
0.29981136776225714
0.4081195946754009
0.4081195946754009
0.42219295736379464
0.3218557209475905
0.39540705564664147
0.39540705564664147
0.30879687269073686
0.30879687269073686
0.32741924928096877
0.3310478880746299
0.3310478880746299
0.32682006388531304
0.3258006863309162
0.34198344590136565
0.27992641205995683
0.346205499102459
0.35169272620538883
0.3135327202943431
0.3135327202943431
0.24674735202812612
0.26785598482575224
0.3120262080273494
0.3405029700495083
0.30365264963509464
0.30792014897098063
0.3748933343039019
0.3748933343039019
0.39032164950083437
0.29228131496553333
0.33223796935908423
0.3495216740854058
0.3495216740854058
0.4047359859304646
0.33730663960544227
0.40251629260401656
0.3578777766460596
0.3721406088309646
0.34950514611163835
0.3342940902577781
0.300830745316654
0.35468171471201393
0.32524819716098574
0.3453295857817352
0.3258006863309162
0.3512248641811022
0.3249247730101924
0.29981136776225714
0.3249247730101924
